mode = 2
num_list = 2
num_measure = [4,4]
num_b = [2,5]
x1 = [0.233599,0.283889,0.334319,0.384169];u_b = 0.001
x2 = [2.31101,2.79772,3.28168,3.76410];u_b = 0.00001
alpha = [1,-1]